x
2
10
12
25
27
47
48
55
91
92
93
102
107
133
135
142
147
163
174
177
190
196
197
207
208
213
214
217
226
229
230
231
238
249
250
273
283
284
285
288
301
302
307
310
311
317
324
328
329
330
331
332
335
336
341
345
347
348
354
355
356
367
368
373
374
384
387
388
389
399
405
444
463
466
471
472
474
476
492
506
540
545
546
563
567
572
573
575
580
581
595
596
597
598
599
602
604
605
607
608
613
627
639
640
641
642
648
650
652
657
664
665
667
668
672
673
675
677
678
688
694
701
706
708
729
730
767
776
790
796
801
801
801
811
821
827
831
833
834
835
836
837
838
839
840
841
842
843
847
857
861
862
863
865
867
868
887
890
891
894
896
898
900
901
902
912
928
929
939
943
944
948
952
958
959
960
966
970
972
973
974
983
990
991
993
994
995
996
997
999
1003
1009
1015
1017
1019
1021
1022
1026
1027
1028
1029
1031
1043
1045
1048
1050
1063
1080
1081
1082
1082
1082
1108
1111
1113
1116
1123
1152
1163
1164
1191
1192
1213
1236
1244
1264
1270
1277
1278
1284
1285
1286
1287
1289
1291
1301
1308
1316
1345
1356
1364
1365
1366
1381
1385
1387
1401
1410
1432
1434
1435
1436
1437
1438
1440
1441
1446
1454
1457
1459
1460
1471
1474
1475
1476
1485
1490
1499
1500
1508
1509
1512
1514
1523
1540
1544
1557
1571
1576
1577
1588
1603
1612
1616
1622
1630
1634
1643
1647
1649
1654
1655
1656
1660
1662
1667
1667
1667
1674
1719
1727
1728
1729
1756
1785
1788
1794
1811
1843
1846
1857
1869
1871
1875
1879
1890
1901
1906
1915
1938
1942
1943
1946
1947
1948
1949
1950
1956
1958
1969
1974
1977
1978
1981
1984
1991
1999
2000
2004
2005
2006
2017
2022
2023
2026
2033
2034
2041
2042
2043
2045
2046
2048
2049
2050
2051
2052
2054
2056
2057
2060
2064
2065
2066
2067
2068
2071
2072
2073
2074
2078
2099
2100
2115
2118
2119
2120
2122
2130
2131
2132
2145
2146
2147
2152
2162
2165
2167
2168
2169
2171
2175
2176
2177
2178
2181
2188
2189
2191
2194
2195
2201
2208
2213
2237
2242
2243
2244
2246
2247
2248
2249
2251
2252
2253
2254
2260
2261
2263
2264
2266
2271
2272
2277
2289
2302
2305
2308
2309
2312
2313
2321
2322
2324
2330
2335
2346
2353
2475
2488
2495
2512
2520
2521
2531
2535
2539
2547
2619
2623
2624
2625
2668
2688
2689
2697
2709
2719
2730
2739
2767
2770
2776
2778
2782
2805
2806
2810
2812
2821
2826
2874
2876
2877
2885
2886
2887
2909
2919
2920
2931
2934
2936
2944
2947
2950
2956
2965
2990
3008
3020
3020
3066
3075
3078
3082
3083
3084
3091
3092
3098
3099
3105
3106
3110
3131
3135
3159
3162
3169
3170
3181
3195
3202
3205
3207
3209
3227
3229
3237
3239
3240
3248
3249
3265
3297
3303
3303
3305
3306
3308
3312
3315
3320
3326
3329
3336
3371
3381
3383
3397
3398
3399
3417
3418
3439
3454
3455
3456
3458
3479
3480
3481
3482
3485
3486
3552
3553
3554
3557
3558
3559
3560
3561
3565
3566
3567
3569
3570
3572
3574
3575
3576
3577
3578
3579
3586
3589
3592
3596
3598
3600
3603
3604
3605
3606
3609
3611
3620
3621
3624
3625
3627
3630
3636
3655
3659
3662
3664
3672
3673
3674
3675
3676
3678
3684
3685
3688
3690
3691
3693
3694
3695
3696
3700
3702
3703
3707
3716
3717
3718
3725
3727
3728
3732
3762
3791
3792
3796
3799
3801
3814
3815
3817
3845
3851
3856
3860
3861
3866
3872
3875
3880
3895
3899
3906
3912
3915
3925
3927
3932
3933
3936
3939
3952
3953
3958
3959
3960
3972
3976
3977
3981
3984
4000
4004
4005
4026
4040
4048
4049
4050
4055
4057
4060
4066
4067
4072
4085
4086
4087
4088
4089
4094
4102
4103
4105
4145
4149
4152
4170
4171
4172
4174
4176
4179
4190
4192
4193
4194
4204
4205
4214
4215
4216
4221
4233
4240
4246
4250
4254
4255
4261
4282
4283
4286
4288
4291
4292
4297
4298
4299
4300
4301
4303
4311
4312
4313
4314
4316
4317
4318
4319
4320
4322
4323
4324
4325
4330
4352
4353
4361
4363
4436
4478
4481
4485
4489
4495
4515
4521
4582
4595
4601
4602
4605
4609
4610
4613
4615
4627
4629
4654
4656
4666
4668
4671
4680
4683
4684
4703
4735
4738
4756
4763
4771
4780
4781
4790
4791
4792
4794
4803
4804
4824
4830
4831
4831
4841
4842
4843
4846
4849
4851
4853
4854
4869
4893
4904
4908
4909
4913
4914
4915
4916
4925
4926
4928
4929
4958
4968
4982
5004
5008
5049
5054
5055
5069
5077
5079
5081
5087
5093
5104
5108
5111
5154
5155
5156
5159
5168
5176
5187
5196
5225
5228
5241
5243
5265
5275
5284
5290
5291
5292
5294
5295
5296
5300
5315
5324
5327
5328
5329
5335
5336
5339
5340
5347
5354
5371
5376
5378
5395
5396
5409
5426
5443
5444
5450
5452
5460
5468
5469
5518
5537
5539
5546
5551
5573
5578
5579
5580
5581
5583
5584
5588
5591
5594
5595
5598
5599
5604
5605
5617
5624
5641
5644
5650
5653
5655
5663
5710
5727
5728
5741
5742
5743
5744
5747
5764
5781
5788
5800
5813
5858
5879
5885
5886
5887
5888
5890
5892
5893
5894
5900
5903
5910
5914
5915
5916
5921
5925
5927
5928
5933
5934
5950
5966
5970
5971
5979
5987
6009
6016
6083
6098
6103
6118
6134
6146
6155
6184
6187
6188
6195
6197
6209
6249
6256
6257
6258
6271
6273
6275
6277
6278
6279
6280
6285
6288
6289
6317
6318
6347
6354
6355
6356
6357
6363
6366
6374
6382
6385
6390
6391
6392
6401
6402
6403
6416
6418
6421
6427
6428
6446
6455
6462
6491
6502
6507
6513
6520
6573
6590
6597
6598
6605
6608
6624
6647
6648
6654
6656
6657
6662
6667
6678
6690
6692
6696
6699
6707
6714
6715
6750
6756
6757
6760
6768
6774
6775
6776
6777
6783
6790
6794
6850
6872
6876
6886
6887
6890
6917
6921
6926
6927
6929
6932
6934
6938
7001
7010
7015
7018
7021
7027
7029
7030
7031
7032
7033
7037
7038
7039
7040
7042
7043
7047
7048
7049
7050
7057
7058
7060
7066
7067
7068
7075
7076
7077
7078
7080
7083
7103
7110
7113
7123
7124
7127
7128
7132
7133
7150
7153
7156
7157
7158
7159
7163
7167
7168
7169
7170
7171
7175
7184
7185
7186
7187
7204
7216
7248
7249
7251
7253
7276
7291
7292
7293
7296
7298
7301
7307
7317
7329
7334
7356
7376
7403
7412
7422
7423
7424
7428
7429
7430
7432
7448
7450
7454
7458
7465
7468
7471
7472
7486
7490
7494
7507
7508
7514
7515
7516
7517
7518
7520
7529
7531
7533
7555
7644
7691
7704
7706
7733
7750
7812
7832
7846
7849
7850
7852
7913
7942
7994
8000
8013
8019
8021
8028
8030
8061
8065
8074
8085
8091
8115
8178
8190
8202
8216
8218
8233
8241
8242
8243
8289
8294
8294
8294
8294
8295
8301
8312
8313
8314
8321
8334
8394
8404
8405
8445
8450
8453
8454
8491
8493
8498
8503
8507
8522
8600
8639
8643
8648
8650
8651
8655
8660
8667
8714
8738
8741
8743
8754
8764
8772
8793
8794
8795
8797
8805
8817
8822
8828
8829
8833
8837
8840
8850
8859
8880
8881
8894
8900
8915
8929
8930
8932
8997
9026
9092
9098
9112
9126
9133
9134
9135
9159
9166
9211
9212
9223
9232
9261
9314
9321
9325
9341
9401
9414
9423
9429
9439
9440
9444
9459
9479
9500
9506
9507
9508
9510
9518
9538
9542
9577
9590
9611
9612
9618
9622
9656
9659
9688
9709
9727
9743
9744
9774
9776
9817
9869
9901
9935
9947
9950
9961
9965
9967
9968
9969
9982
10000
10006
10014
10019
10042
10043
10057
10063
10075
10083
10135
10142
10180
10186
10188
10215
10223
10232
10243
10252
10256
10272
10320
10342
10395
10397
10406
10440
10459
10468
10486
10498
10499
10513
10518
10527
10549
10563
10568
10594
10631
10647
10653
10664
10672
10673
10718
10735
10801
10808
10810
10891
10892
10899
10912
10916
10948
10962
10978
11004
11009
11012
11040
11064
11065
11095
11096
11116
11124
11140
11168
11171
11174
11197
11200
11202
11333
11334
22794
22822
22883
22894
22914
22931
22933
22974
22978
23013
23048
23074
23085
23092
23139
23152
23157
23232
23253
23261
23269
23305
23327
23345
23365
23373
23394
23405
23409
23451
23462
23474
23476
23512
23522
23598
23624
23645
23743
23770
23780
25788
25818
25855
25878
25913
25925
25937
25942
26039
26040
26085
26270
26278
26511
26787
26872
26986
27000
27068
27086
27125
27190
27436
29072
29126
29780
29844
29919
30012
30848
43847
50509
50615
51053
51119
51199
51230
51330
51366
51438
51517
51528
51592
51684
51755
53335
53353
54558
54575
54576
54600
54657
54659
54738
54790
54855
54880
54894
54904
54949
54959
55193
55252
55294
55422
55554
55636
55743
55749
55914
56259
56937
56999
57007
57082
57107
57111
57117
57120
57448
57505
57563
57573
57591
57595
57670
57674
57680
57721
57820
57835
58508
59277
59336
63928
63976
64109
64282
64321
64324
64393
64682
64699
64754
64764
64783
64784
64901
64919
79058
79145
79158
79473
79577
79710
79718
79728
79755
79959
80070
80204
80304
80312
80380
80781
81285
81327
81608
81624
81786
83417
83891
83933
83990
84083
84159
84162
84231
84295
84306
84376
84433
84441
84953
84962
84964
85414
89795
90060
90167
90993
91181
91975
92521
92737
93649
94027
94234
113146
114548
115209
115701
116028
116179
116496
120892
121227
124404
124540
124583
126668
126969
129446
139081
139285
140453
140766
142684
143187
145788
150465
158399
158809
161725
164395
168975
170692
171017
171023
196528
197021
200081
201163
201625
221264
221400
221895
222194
253639
255220
255394
256646
259266
284366
284391
285382
286530
341019
345930
347541
401565
415116
440093
728118
728378
729262
730051
100134091
100529063
101930059
102723650