% these are the 437 differentially abundant proteins at FDR< 5%
653808
2162
1215
1113
6282
6558
79154
5464
132299
7432
1522
4060
115207
2517
29925
2805
7358
23474
1634
2547
6277
3939
54504
4969
3934
8824
4869
3068
3956
3291
6286
8607
7373
8639
3337
3608
5268
670
7520
59342
4691
4128
2762
6633
6652
2091
83998
2200
10155
10606
1374
51060
79026
5550
3376
2950
28985
7045
5591
10492
1192
5917
25939
2548
5954
8894
4836
5239
11187
2877
1291
38
56954
4141
1660
2171
6726
471
1805
3609
5573
84419
11252
7514
51280
10528
58472
3336
10726
908
10694
7416
6207
102723479
51637
6727
10580
30001
353
54502
3192
60559
55832
1312
9761
5714
6203
29952
10856
6189
9939
6814
3240
6188
6632
1476
581
10095
10399
6187
708
10493
5315
2266
26156
6234
1520
5689
26787
6036
5717
23451
80150
6230
51593
2
27295
7175
5202
4026
2079
6191
2243
23521
11112
3190
10574
26517
2288
10056
9961
55600
3308
740
51237
2193
4048
5887
337
6122
102724332
3263
3958
51809
8666
83443
3329
10135
1315
191
5236
8644
5718
29789
10576
4191
11240
3615
217
6134
3075
51727
56616
28960
5702
57530
2316
51218
6426
23450
2058
51144
328
5697
57819
1213
2618
3159
131076
8667
1356
6888
857
563
7414
11140
2745
29108
3419
10146
2168
8802
10409
7448
51110
1292
55276
6228
5230
4904
6950
1329
1345
4513
9669
6625
5692
23193
4704
29785
79077
3146
10109
1314
1
79983
6059
7263
8452
5686
55379
4700
9352
2244
9040
6626
1778
55737
54795
2287
821
6176
10591
3315
26135
10174
718
5034
4860
3936
11051
6155
1983
51602
51479
6206
23020
134147
6194
4076
10066
56681
51031
2023
501
5695
57222
4670
301
3191
1671
1327
11333
325
10985
5371
5682
6697
4924
3339
5340
26007
1968
10432
5701
1340
221092
1854
2194
7458
136319
513
6238
126353
526
25824
6129
7415
7384
8836
7334
2280
5688
5355
10054
7385
6201
140707
6897
2673
55349
7167
2597
3925
8683
79789
6181
6119
48
10594
83699
7332
8565
29766
11335
84313
6157
8243
9967
1982
6223
391356
826
11151
7429
84681
1471
645
9045
10476
7178
6217
6281
5706
4594
6152
6627
1973
55577
5685
8655
9588
5111
58517
6427
55763
55920
498
57092
4736
6251
5265
6184
23406
10084
3960
54961
8886
5690
55573
6147
5834
2617
302
51260
1650
8615
7536
1829
57805
7037
1399
54862
3251
6284
3030
6135
8407
7317
8971
6521
56925
10551
25804
26578
51024
7347
10539
6731
11224
6193
3998
4677
10437
2052
64087
3712
10544
8801
52
23352
51079
3273
9349
6050
23071
55748
8714
26528
2739
26275
54414
5707
79763
1994
2873
9092
